0 0 0 0 0.75 0 0 0 0 0 0 0 0 0 0 0 0 0 1.5 0 0 0 0 0 3.75 3 2.25 0.75 0.75 0.75 0.75 0.75 0 0.75 0.75 0.75 0.75 0 0.75 0.75 0 0.75 0.75 0 0.75 0 0 0 0 0.222 0 0 0 0 1.833 12 77 0
0.84 0 0 0 0 0 0 0 0 0 0 0.84 0 0 0 0 0 0 0.42 0 0 0 0 0 0 0 0 0 0 0 0 0 0 0 0 0 0 0 0 0 0 0 0 0.84 0 0 0 0 0.082 0.414 0 0 0 0 3.34 7 167 0
0 0.24 0 0 0.24 0 0 0.24 0 0.49 0 0 0 1.48 0 0 0 0 0.99 0 0 0 0 0 0.49 0 0.24 0 0 0 0.24 0 0 0 0.24 0 0.74 0 0 0 0 0 0 0 0 0 0 0 0 0 0 0 0.16 0 9.31 235 1108 0
0.57 0 0.57 0 0 0 0 0.57 0 0 0 1.14 0 0 0 0 0 0 5.14 0 1.14 0 2.85 0 0 0 0 0 0 0 0 0 0 0 0 0 0 0 0 0 0 0 0 0 0 0 0 0 0 0 0 0.211 0.74 0 2.9 32 116 1
0 0 2.12 0 1.06 0 0 0 0 0 0 2.12 0 0 0 0 0 0 5.31 0 1.06 0 0 0 0 0 0 0 0 0 0 0 0 0 0 0 0 0 1.06 0 0 2.12 0 0 0 0 0 0 0 0 0 0 0 0 1.238 4 26 0
0.43 0 0.87 0 0.87 0 0.87 0 0 0 0 0.43 0 0 0 0 0.43 0.43 4.38 0 1.31 0 1.31 0 0 0 0 0 0 0 0 0 0 0 0.43 0 0 0 0 0 0 0 0 0 0.43 0 0 0 0 0.145 0 1.021 0.218 0 3.35 59 134 1
0 0 0.71 0 0.23 0 0 0 0.23 0.23 0.23 1.9 0 0 0 0.23 0 0 3.81 0.23 1.19 0 0 0 0 0 0 0 0 0 0 0 0 0 0 0 0 0 0 0 0 0 0 0 0 0 0 0 0 0.109 0 1.018 0.036 0 4.022 97 543 1
0 0 0 0 0.43 0.43 0.43 0.43 0 0 0 0.43 0 0 0 0 0 0 0.87 0 0 9.17 0 0 0 0 0 0 0 0 0 0 0 0 0 0 0 0 0 0 0 0 0 0 0 0 0 0 0 0 0 0.395 0 1.121 7.983 72 495 1
0 0 0.47 0 0.7 0 0.7 0.23 0 0 0 0.47 0 0 0 1.65 0.7 0.23 2.12 0 1.65 0 0 0.23 0 0 0 0 0 0 0 0 0 0 0 0.23 0 0 0 0 0 0 0 0 0.23 0 0 0 0 0.037 0.037 1.362 0.037 0 5.236 111 576 1
0 0 2.32 0 0 0 0 0 0 2.32 0 0 0 0 1.16 0 0 0 2.32 0 0 0 0 0 0 2.32 0 0 0 0 0 0 0 0 0 0 0 0 0 0 0 0 1.16 0 1.16 0 0 0 0 0.204 0 0 0 0 1.75 11 35 0
